7 0.16744791666666667 0.6097222222222223 0.10260416666666666 0.5694444444444444
7 0.40338541666666666 0.38935185185185184 0.0203125 0.10833333333333334
7 0.4375 0.3814814814814815 0.015625 0.10185185185185185
7 0.22083333333333333 0.412962962962963 0.027083333333333334 0.1537037037037037
7 0.95390625 0.5782407407407407 0.08385416666666666 0.5546296296296296
7 0.68203125 0.3907407407407407 0.016145833333333335 0.1111111111111111
7 0.5611979166666666 0.3638888888888889 0.0109375 0.06851851851851852
7 0.734375 0.3597222222222222 0.010416666666666666 0.04722222222222222
7 0.71640625 0.3638888888888889 0.016145833333333335 0.037037037037037035
7 0.5713541666666667 0.36064814814814816 0.010416666666666666 0.05462962962962963
6 0.50390625 0.5773148148148148 0.1421875 0.38796296296296295