7 0.1625 0.4634259259259259 0.17708333333333334 0.5962962962962963
7 0.42135416666666664 0.3509259259259259 0.034375 0.11388888888888889
7 0.45546875 0.35833333333333334 0.029166666666666667 0.10555555555555556
7 0.24088541666666666 0.2953703703703704 0.04739583333333333 0.16111111111111112
7 0.9255208333333333 0.7421296296296296 0.14895833333333333 0.5157407407407407
7 0.69140625 0.4722222222222222 0.030729166666666665 0.11481481481481481
7 0.5778645833333333 0.39444444444444443 0.019791666666666666 0.0712962962962963
7 0.7466145833333333 0.4648148148148148 0.016666666666666666 0.05
7 0.7283854166666667 0.46111111111111114 0.020833333333333332 0.04259259259259259
7 0.58828125 0.39537037037037037 0.017708333333333333 0.05740740740740741
6 0.49322916666666666 0.5768518518518518 0.190625 0.43796296296296294