7 0.17578125 0.6708333333333333 0.13541666666666666 0.5851851851851851
7 0.39739583333333334 0.4078703703703704 0.0265625 0.1111111111111111
7 0.4309895833333333 0.39351851851851855 0.021354166666666667 0.10462962962962963
7 0.2171875 0.4652777777777778 0.0359375 0.15833333333333333
7 0.9489583333333333 0.4930555555555556 0.10208333333333333 0.5675925925925925
7 0.6747395833333333 0.3574074074074074 0.022395833333333334 0.11388888888888889
7 0.5528645833333333 0.35324074074074074 0.015104166666666667 0.07037037037037037
7 0.7247395833333333 0.31712962962962965 0.013020833333333334 0.049074074074074076
7 0.7072916666666667 0.324537037037037 0.018229166666666668 0.03981481481481482
7 0.5627604166666667 0.34814814814814815 0.013541666666666667 0.05648148148148148
6 0.5083333333333333 0.5763888888888888 0.1640625 0.41203703703703703